// timecycle generated by derpy's script loader



////////////////////////////////////// EXTRACOLOURS 1
// Amb_Props	Amb_World	Amb_Peds	Sun RGB	BackRGB	BackInt	Sky top	Sky bot	Sun RGBCore	Sun RGBCorona	Sun RGBSz	SprSz	SprBght	Shdw	LightShd	PoleShd	FarClp	FogSt	NightFactor	LowCloudsRGB	TopCloudRGB	BottomCloudRGB	BlurRGB	WaterRGBA	GlowThresh	GlowStrength	CloudSpeed	CloudTopRGB	CloudBotRGB	ColFilterMode	ColFilterRGBA	AmbLRange	AmbHRange	SunLRange	SunHRange	BackLRange	BackHRange	AmbLRange	AmbHRange	SunLRange	SunHRange	BackLRange	BackHRange	NearFarRatio

// School Hallways
30 30 30	220 220 220	70 70 70	96 96 96	52 54 56	0.250	123 114 113	95 103 112	5 0 0	5 0 0	1.000	1.000	0.300	110	0.500	0.500	150	-15	0.650	1.000 1.000 0.000	0 0 0	0 0 0	0 0 0	0 0 0 0	0	0	0.000	0 0 0	0 0 0	2	221 218 200 128	0.250	1.000	0.500	1.000	0.500	1.000	400

// (???)Cafeteria
72 72 72	240 240 240	90 90 90	60 60 60	88 88 88	0.250	123 114 113	95 103 112	5 0 0	5 0 0	1.000	1.000	0.200	110	0.500	0.500	125	-8	0.650	1.000 1.000 0.000	0 0 0	0 0 0	0 0 0	0 0 0 0	0	0	0.000	0 0 0	0 0 0	1	255 241 228 190	0.500	1.000	0.500	1.000	0.500	1.000	400

// Chemistry
72 72 72	250 250 250	50 50 50	60 60 60	54 54 54	0.250	123 114 113	95 103 112	5 0 0	5 0 0	1.000	1.000	0.300	110	0.500	0.500	350	-50	1.000	1.000 1.000 0.000	0 0 0	0 0 0	0 0 0	0 0 0 0	0	0	0.000	0 0 0	0 0 0	2	220 255 255 128	0.500	1.000	0.500	1.000	0.500	1.000	500

// Principals Office
60 60 60	230 230 230	70 70 70	92 92 92	74 67 62	0.250	123 114 113	95 103 112	5 0 0	5 0 0	1.000	1.000	0.500	110	0.500	0.500	125	-8	0.800	1.000 1.000 0.000	0 0 0	0 0 0	0 0 0	0 0 0 0	0	0	0.000	0 0 0	0 0 0	2	213 198 189 128	0.600	0.750	0.500	1.000	0.500	1.000	500

// Biology
72 72 72	255 255 255	80 80 80	78 86 79	73 73 73	0.250	123 114 113	95 103 112	5 0 0	5 0 0	1.000	1.000	0.300	110	0.500	0.500	350	-50	1.000	1.000 1.000 0.000	0 0 0	0 0 0	0 0 0	0 0 0 0	0	0	0.000	0 0 0	0 0 0	2	255 238 222 100	0.500	1.000	0.500	1.000	0.500	1.000	500

// (???)Infirmary
85 85 85	255 255 255	90 90 90	70 77 73	79 87 85	0.250	123 114 113	95 103 112	5 0 0	5 0 0	1.000	1.000	0.300	120	0.500	0.500	350	-50	0.600	1.000 1.000 0.000	0 0 0	0 0 0	0 0 0	0 0 0 0	0	0	0.000	0 0 0	0 0 0	1	209 255 245 200	0.500	1.000	0.500	1.000	0.500	1.000	2500

// Janitors Room
21 21 21	200 200 200	60 60 60	88 88 88	72 72 72	0.250	123 114 113	95 103 112	5 0 0	5 0 0	1.000	1.000	0.500	110	0.500	0.500	175	-30	1.000	1.000 1.000 0.000	0 0 0	0 0 0	0 0 0	0 0 0 0	0	0	0.000	0 0 0	0 0 0	2	134 227 216 128	0.500	1.000	0.500	1.000	0.500	1.000	500

// Library
100 100 100	215 215 215	115 115 115	72 72 72	43 46 49	0.250	123 114 113	95 103 112	5 0 0	5 0 0	1.000	1.000	0.300	120	0.500	0.500	125	-8	1.000	1.000 1.000 0.000	0 0 0	0 0 0	0 0 0	0 0 0 0	0	0	0.000	0 0 0	0 0 0	2	225 255 221 128	0.650	0.500	0.500	0.750	0.500	0.750	1000

// (???)Boys Bathroom
72 72 72	192 192 192	64 64 64	42 42 42	28 32 34	0.250	123 114 113	95 103 112	5 0 0	5 0 0	1.000	1.000	0.300	110	0.500	0.500	350	-50	1.000	1.000 1.000 0.000	0 0 0	0 0 0	0 0 0	0 0 0 0	0	0	0.000	0 0 0	0 0 0	2	255 255 255 128	0.500	1.000	0.500	1.000	0.500	1.000	2500

// (???)Girls Bathroom
72 72 72	192 192 192	60 60 60	41 41 41	29 33 35	0.250	123 114 113	95 103 112	5 0 0	5 0 0	1.000	1.000	0.300	110	0.500	0.500	350	-50	1.000	1.000 1.000 0.000	0 0 0	0 0 0	0 0 0	0 0 0 0	0	0	0.000	0 0 0	0 0 0	0	255 255 255 255	0.500	1.000	0.500	1.000	0.500	1.000	2500

// (???)Wrestling Gym
72 72 72	192 192 192	90 90 90	62 62 62	66 74 79	0.250	123 114 113	95 103 112	5 0 0	5 0 0	1.000	1.000	0.300	110	0.500	0.500	350	-50	1.000	1.000 1.000 0.000	0 0 0	0 0 0	0 0 0	0 0 0 0	0	0	0.000	0 0 0	0 0 0	0	255 255 255 255	0.500	1.000	0.500	1.000	0.500	1.000	2500

// Pool and Gym
37 45 37	192 192 192	77 77 77	77 77 77	69 69 69	0.250	123 114 113	95 103 112	5 0 0	5 0 0	1.000	1.000	0.300	110	0.500	0.500	350	-50	0.750	1.000 1.000 0.000	0 0 0	0 0 0	0 0 0	0 0 0 0	0	0	0.000	0 0 0	0 0 0	2	255 255 255 128	0.250	0.850	0.500	1.000	0.500	1.000	400

// Boys Dorm
25 25 25	192 192 192	60 60 60	91 91 91	59 59 59	0.250	123 114 113	95 103 112	5 0 0	5 0 0	1.000	1.000	1.500	110	0.500	0.500	350	-50	0.650	1.000 1.000 0.000	0 0 0	0 0 0	0 0 0	0 0 0 0	0	0	0.000	0 0 0	0 0 0	2	255 255 255 128	0.250	0.850	0.750	1.000	1.000	1.000	500

// Classroom
72 72 72	225 225 225	55 55 55	87 87 87	69 69 69	0.250	123 114 113	95 103 112	5 0 0	5 0 0	1.000	1.000	0.300	110	0.500	0.500	350	-50	0.750	1.000 1.000 0.000	0 0 0	0 0 0	0 0 0	0 0 0 0	0	0	0.000	0 0 0	0 0 0	2	255 255 255 128	0.500	1.000	0.500	1.000	0.500	1.000	400

// Trailer
72 72 72	255 255 255	150 150 150	60 60 60	88 88 88	0.250	123 114 113	95 103 112	5 0 0	5 0 0	1.000	1.000	1.000	110	0.500	0.500	350	-50	1.000	1.000 1.000 0.000	0 0 0	0 0 0	0 0 0	0 0 0 0	0	0	0.000	0 0 0	0 0 0	2	202 235 180 128	0.500	1.000	0.500	1.000	0.500	1.000	2500

// Art Room
72 72 72	255 255 255	75 75 75	70 70 70	32 32 32	0.250	123 114 113	95 103 112	5 0 0	5 0 0	1.000	1.000	0.300	110	0.500	0.500	350	-50	0.650	1.000 1.000 0.000	0 0 0	0 0 0	0 0 0	0 0 0 0	0	0	0.000	0 0 0	0 0 0	2	201 201 201 128	0.500	1.000	0.500	1.000	0.500	1.000	2500

// Auto Shop
85 85 85	192 192 192	75 75 75	97 97 97	75 75 75	0.250	123 114 113	95 103 112	5 0 0	5 0 0	1.000	1.000	0.300	110	0.500	0.500	350	-50	1.000	1.000 1.000 0.000	0 0 0	0 0 0	0 0 0	0 0 0 0	0	0	0.000	0 0 0	0 0 0	2	255 255 255 128	0.500	1.000	0.500	1.000	0.500	1.000	400

// Auditorium
72 72 72	192 192 192	150 150 150	79 79 79	73 73 73	0.250	123 114 113	95 103 112	5 0 0	5 0 0	1.000	1.000	0.300	110	0.500	0.500	110	-8	1.000	1.000 1.000 0.000	0 0 0	0 0 0	0 0 0	0 0 0 0	0	0	0.000	0 0 0	0 0 0	2	205 205 138 128	0.400	0.500	0.500	1.000	0.500	1.000	2500

// Chem_Plant
54 54 54	223 235 255	80 80 80	79 79 79	73 73 73	0.200	123 114 113	95 103 112	0 0 0	0 0 0	1.000	1.000	0.300	110	0.500	0.500	160	-15	1.000	1.000 1.000 0.000	0 0 0	0 0 0	0 0 0	0 0 0 0	0	0	0.000	0 0 0	0 0 0	2	126 223 38 200	0.500	0.500	0.500	1.000	0.500	1.000	500

// (???)Nerd_Fortress
72 72 72	192 192 192	40 40 40	60 60 60	88 88 88	0.250	123 114 113	95 103 112	5 0 0	5 0 0	1.000	1.000	0.300	-56	0.500	0.500	350	100	1.000	1.000 1.000 0.000	0 0 0	0 0 0	0 0 0	0 0 0 0	0	0	0.000	0 0 0	0 0 0	0	255 255 255 255	0.500	1.000	0.500	1.000	0.500	1.000	2500

// (???)Island_3
72 72 72	192 192 192	40 40 40	60 60 60	80 89 95	0.250	123 114 113	95 103 112	5 0 0	5 0 0	1.000	1.000	0.300	110	0.500	0.500	350	-50	1.000	1.000 1.000 0.000	0 0 0	0 0 0	0 0 0	0 0 0 0	0	0	0.000	0 0 0	0 0 0	0	255 255 255 255	0.500	1.000	0.500	1.000	0.500	1.000	2500

// Staff Room
75 75 75	255 255 255	55 55 55	88 88 88	68 68 68	0.250	123 114 113	95 103 112	5 0 0	5 0 0	1.000	1.000	1.000	110	0.500	0.500	350	-50	0.550	1.000 1.000 0.000	0 0 0	0 0 0	0 0 0	0 0 0 0	0	0	0.000	0 0 0	0 0 0	2	206 170 138 128	0.500	1.000	0.500	1.000	0.500	1.000	2500

// (???)Attic
40 40 40	225 225 225	50 50 50	82 82 82	88 88 88	0.250	123 114 113	95 103 112	5 0 0	5 0 0	1.000	1.000	0.300	110	0.500	0.500	350	-50	1.000	1.000 1.000 0.000	0 0 0	0 0 0	0 0 0	0 0 0 0	0	0	0.000	0 0 0	0 0 0	1	210 255 255 200	0.500	1.000	0.500	1.000	0.500	1.000	2500

// (???)Funhouse
72 72 72	192 192 192	40 40 40	60 60 60	88 88 88	0.250	123 114 113	95 103 112	5 0 0	5 0 0	1.000	1.000	0.300	110	0.500	0.500	350	-50	1.000	1.000 1.000 0.000	0 0 0	0 0 0	0 0 0	0 0 0 0	0	0	0.000	0 0 0	0 0 0	0	255 255 255 255	0.500	1.000	0.500	1.000	0.500	1.000	2500

////////////////////////////////////// EXTRACOLOURS 2
// Amb_Props	Amb_World	Amb_Peds	Sun RGB	BackRGB	BackInt	Sky top	Sky bot	Sun RGBCore	Sun RGBCorona	Sun RGBSz	SprSz	SprBght	Shdw	LightShd	PoleShd	FarClp	FogSt	NightFactor	LowCloudsRGB	TopCloudRGB	BottomCloudRGB	BlurRGB	WaterRGBA	GlowThresh	GlowStrength	CloudSpeed	CloudTopRGB	CloudBotRGB	ColFilterMode	ColFilterRGBA	AmbLRange	AmbHRange	SunLRange	SunHRange	BackLRange	BackHRange	AmbLRange	AmbHRange	SunLRange	SunHRange	BackLRange	BackHRange	NearFarRatio

// General Store
72 72 72	255 255 255	90 90 90	79 79 79	55 55 55	0.250	123 114 113	95 103 112	5 0 0	5 0 0	1.000	1.000	0.300	110	0.500	0.500	350	-50	1.000	1.000 1.000 0.000	0 0 0	0 0 0	0 0 0	0 0 0 0	0	0	0.000	0 0 0	0 0 0	2	226 255 212 128	0.500	1.000	0.500	1.000	0.500	1.000	500

// Boxing Club
40 40 55	192 192 192	85 85 85	79 79 79	82 82 82	0.250	123 114 113	95 103 112	5 0 0	5 0 0	1.000	1.000	0.300	110	0.500	0.500	125	-8	1.000	1.000 1.000 0.000	0 0 0	0 0 0	0 0 0	0 0 0 0	0	0	0.000	0 0 0	0 0 0	2	176 255 255 128	0.500	1.000	0.500	1.000	0.500	1.000	400

// (???)Fire Works
72 72 72	255 255 255	100 100 100	79 79 79	55 55 55	0.250	123 114 113	95 103 112	5 0 0	5 0 0	1.000	1.000	0.300	110	0.500	0.500	350	-50	1.000	1.000 1.000 0.000	0 0 0	0 0 0	0 0 0	0 0 0 0	0	0	0.000	0 0 0	0 0 0	1	218 255 255 177	0.850	1.000	0.500	1.000	0.500	1.000	2500

// Bike Shop
72 72 72	215 215 215	90 90 90	79 79 79	55 55 55	0.250	123 114 113	95 103 112	5 0 0	5 0 0	1.000	1.000	0.300	110	0.500	0.500	350	-50	1.000	1.000 1.000 0.000	0 0 0	0 0 0	0 0 0	0 0 0 0	0	0	0.000	0 0 0	0 0 0	2	205 205 138 128	0.500	1.000	0.500	1.000	0.500	1.000	500

// Comic Shop
72 72 72	230 230 230	85 85 85	125 125 125	59 59 59	0.250	123 114 113	95 103 112	5 0 0	5 0 0	1.000	1.000	0.300	110	0.500	0.500	350	-50	1.000	1.000 1.000 0.000	0 0 0	0 0 0	0 0 0	0 0 0 0	0	0	0.000	0 0 0	0 0 0	2	255 200 200 125	0.500	1.000	0.500	1.000	0.500	1.000	400

// Test Area(Bike, Peds, Pickups)
72 72 72	192 192 192	40 40 40	79 79 79	55 55 55	0.250	123 114 113	95 103 112	5 0 0	5 0 0	1.000	1.000	0.300	110	0.500	0.500	350	-50	1.000	1.000 1.000 0.000	0 0 0	0 0 0	0 0 0	0 0 0 0	0	0	0.000	0 0 0	0 0 0	0	255 255 255 255	0.500	1.000	0.500	1.000	0.500	1.000	2500

// Prep House
72 72 72	255 255 255	75 75 75	79 79 79	55 55 55	0.250	0 0 0	95 103 112	5 0 0	5 0 0	1.000	1.000	0.300	110	0.500	0.500	125	-10	0.600	1.000 1.000 0.000	0 0 0	0 0 0	0 0 0	0 0 0 0	0	0	0.000	0 0 0	0 0 0	2	172 183 223 255	0.500	1.000	0.500	1.000	0.500	1.000	500

// Clothing (Rich)
120 120 120	255 255 255	100 100 100	79 79 79	55 55 55	0.250	123 114 113	95 103 112	5 0 0	5 0 0	1.000	1.000	1.000	-128	0.500	0.500	350	100	1.000	1.000 1.000 0.000	0 0 0	0 0 0	0 0 0	0 0 0 0	0	0	0.000	0 0 0	0 0 0	2	255 255 227 128	0.250	1.000	0.500	1.000	0.500	1.000	2500

// Clothing (Poor)
72 72 72	225 225 225	65 65 65	100 100 100	75 75 75	0.250	123 114 113	95 103 112	5 0 0	5 0 0	1.000	1.000	0.300	-128	0.500	0.500	350	100	1.000	1.000 1.000 0.000	0 0 0	0 0 0	0 0 0	0 0 0 0	0	0	0.000	0 0 0	0 0 0	2	255 255 255 128	0.500	1.000	0.500	1.000	0.500	1.000	2500

// Girls Dorm
120 120 120	250 250 250	90 90 90	79 79 79	55 55 55	0.250	123 114 113	95 103 112	5 0 0	5 0 0	1.000	1.000	0.300	-128	0.500	0.500	200	-8	1.000	1.000 1.000 0.000	0 0 0	0 0 0	0 0 0	0 0 0 0	0	0	0.000	0 0 0	0 0 0	2	255 255 255 128	0.500	1.000	0.500	1.000	0.500	1.000	400

// Tenements
58 50 27	245 245 245	55 55 55	79 79 79	55 55 55	0.250	123 114 113	95 103 112	5 0 0	5 0 0	1.000	1.000	0.300	-128	0.500	0.500	100	1	1.000	1.000 1.000 0.000	0 0 0	0 0 0	0 0 0	0 0 0 0	0	0	0.000	0 0 0	0 0 0	2	255 255 255 164	0.500	1.000	0.500	1.000	0.500	1.000	500

// Funhouse
80 80 80	192 192 192	40 40 40	79 79 79	55 55 55	0.250	123 114 113	95 103 112	5 0 0	5 0 0	1.000	1.000	0.300	100	0.500	0.500	80	1	1.000	1.000 1.000 0.000	0 0 0	0 0 0	0 0 0	0 0 0 0	0	0	0.000	0 0 0	0 0 0	2	255 255 255 128	0.500	1.000	0.500	1.000	0.500	1.000	500

// Asylum
50 50 50	200 200 200	80 80 80	79 79 79	55 55 55	0.250	123 114 113	95 103 112	5 0 0	5 0 0	1.000	1.000	1.000	-128	0.500	0.500	45	1	0.850	1.000 1.000 0.000	0 0 0	0 0 0	0 0 0	0 0 0 0	0	0	0.000	0 0 0	0 0 0	2	113 220 255 112	0.500	1.000	0.500	1.000	0.500	1.000	400

// Barber
85 85 85	255 255 255	65 65 65	79 79 79	69 69 69	0.250	123 114 113	95 103 112	5 0 0	5 0 0	1.000	1.000	0.300	-128	0.500	0.500	65	1	1.000	1.000 1.000 0.000	0 0 0	0 0 0	0 0 0	0 0 0 0	0	0	0.000	0 0 0	0 0 0	2	255 255 255 128	0.500	1.000	0.500	1.000	0.500	1.000	500

// Observatory
40 40 40	255 255 255	85 85 85	79 79 79	100 100 100	0.250	123 114 113	95 103 112	5 0 0	5 0 0	1.000	1.000	0.300	-128	0.500	0.500	65	1	1.000	1.000 1.000 0.000	0 0 0	0 0 0	0 0 0	0 0 0 0	0	0	0.000	0 0 0	0 0 0	2	180 222 254 125	0.500	1.000	0.500	1.000	0.500	1.000	400

// (???)IGOCart
70 70 70	210 210 210	85 85 85	79 79 79	55 55 55	0.250	145 167 185	95 103 111	5 0 0	5 0 0	1.000	1.000	0.300	-56	0.500	0.500	300	-20	1.000	1.000 1.000 0.000	0 0 0	0 0 0	0 0 0	0 0 0 0	0	0	0.000	0 0 0	0 0 0	2	96 255 215 128	0.500	1.000	0.500	1.000	0.500	1.000	2500

// (???)TGOCart
70 70 70	192 192 192	85 85 85	79 79 79	55 55 55	0.250	123 114 113	95 103 112	5 0 0	5 0 0	1.000	1.000	0.300	-56	0.500	0.500	335	1	1.000	1.000 1.000 0.000	0 0 0	0 0 0	0 0 0	0 0 0 0	0	0	0.000	136 136 136	136 136 136	2	96 255 215 128	0.500	1.000	0.500	1.000	0.500	1.000	2500

// (???)Junkyard
40 40 40	192 192 192	55 55 55	79 79 79	55 55 55	0.250	123 114 113	95 103 112	5 0 0	5 0 0	1.000	1.000	0.300	-56	0.500	0.500	300	1	1.000	1.000 1.000 0.000	0 0 0	0 0 0	0 0 0	0 0 0 0	0	0	0.000	136 136 136	140 140 140	2	255 255 255 128	0.500	1.000	0.500	1.000	0.500	1.000	2500

// (???)iLPStore
90 90 90	255 255 255	115 115 115	79 79 79	55 55 55	0.250	123 114 113	95 103 112	5 0 0	5 0 0	1.000	1.000	1.000	-56	0.500	0.500	300	1	1.000	1.000 1.000 0.000	0 0 0	0 0 0	0 0 0	0 0 0 0	0	0	0.000	136 136 136	140 140 140	0	255 255 255 70	0.500	1.000	0.500	1.000	0.500	1.000	2500

// (???)Midway
120 120 120	230 230 230	70 70 70	79 79 79	55 55 55	0.250	123 114 113	95 103 112	5 0 0	5 0 0	1.000	1.000	0.300	-56	0.500	0.500	300	1	1.000	1.000 1.000 0.000	0 0 0	0 0 0	0 0 0	0 0 0 0	0	0	0.000	136 136 136	140 140 140	0	255 255 255 70	0.500	1.000	0.500	1.000	0.500	1.000	2500

// Hair_Salon
90 90 90	255 255 255	80 80 80	79 79 79	55 55 55	0.250	123 114 113	95 103 112	5 0 0	5 0 0	1.000	1.000	0.300	-128	0.500	0.500	300	1	1.000	1.000 1.000 0.000	0 0 0	0 0 0	0 0 0	0 0 0 0	0	0	0.000	136 136 136	140 140 140	2	255 255 255 70	0.500	1.000	0.500	1.000	0.500	1.000	2500

// (???)Underwater
40 40 40	192 192 192	55 55 55	79 79 79	55 55 55	0.250	123 114 113	95 103 112	5 0 0	5 0 0	1.000	1.000	0.300	-56	0.500	0.500	300	1	1.000	1.000 1.000 0.000	0 0 0	0 0 0	0 0 0	0 0 0 0	0	0	0.000	136 136 136	140 140 140	0	255 255 255 70	0.500	1.000	0.500	1.000	0.500	1.000	2500

// (???)GoKart2
40 40 40	192 192 192	55 55 55	79 79 79	55 55 55	0.250	123 114 113	95 103 112	5 0 0	5 0 0	1.000	1.000	0.300	-56	0.500	0.500	300	1	1.000	1.000 1.000 0.000	0 0 0	0 0 0	0 0 0	0 0 0 0	0	0	0.000	136 136 136	140 140 140	2	255 255 255 128	0.500	1.000	0.500	1.000	0.500	1.000	2500

// (???)Gift_Shop
40 40 40	215 215 215	95 95 95	79 79 79	55 55 55	0.250	123 114 113	95 103 112	5 0 0	5 0 0	1.000	1.000	0.300	-56	0.500	0.500	300	1	1.000	1.000 1.000 0.000	0 0 0	0 0 0	0 0 0	0 0 0 0	0	0	0.000	136 136 136	140 140 140	0	255 255 255 70	0.500	1.000	0.500	1.000	0.500	1.000	2500

////////////////////////////////////// EXTRACOLOURS 3
// Amb_Props	Amb_World	Amb_Peds	Sun RGB	BackRGB	BackInt	Sky top	Sky bot	Sun RGBCore	Sun RGBCorona	Sun RGBSz	SprSz	SprBght	Shdw	LightShd	PoleShd	FarClp	FogSt	NightFactor	LowCloudsRGB	TopCloudRGB	BottomCloudRGB	BlurRGB	WaterRGBA	GlowThresh	GlowStrength	CloudSpeed	CloudTopRGB	CloudBotRGB	ColFilterMode	ColFilterRGBA	AmbLRange	AmbHRange	SunLRange	SunHRange	BackLRange	BackHRange	AmbLRange	AmbHRange	SunLRange	SunHRange	BackLRange	BackHRange	NearFarRatio

// Souvenir
40 40 40	255 255 255	70 70 70	79 79 79	55 55 55	0.250	123 114 113	95 103 112	5 0 0	5 0 0	1.000	1.000	0.300	-128	0.500	0.500	300	1	1.000	1.000 1.000 0.000	0 0 0	0 0 0	0 0 0	0 0 0 0	0	0	0.000	136 136 136	140 140 140	2	240 235 255 100	0.500	1.000	0.500	1.000	0.500	1.000	500

// iMGRaceA
40 40 40	195 195 195	75 75 75	79 79 79	55 55 55	0.250	75 54 78	124 173 171	5 0 0	5 0 0	1.000	1.000	0.300	-128	0.500	0.500	350	-10	1.000	0.600 1.000 0.000	0 0 0	0 0 0	0 0 0	0 0 0 0	0	0	-0.100	176 174 193	140 140 140	2	240 235 255 128	0.500	1.000	0.500	1.000	0.500	1.000	2500

// iMGRaceB
40 40 40	200 200 200	75 75 75	79 79 79	55 55 55	0.250	75 54 78	124 173 171	5 0 0	5 0 0	1.000	1.000	0.300	-128	0.500	0.500	350	-10	1.000	0.600 1.000 0.000	0 0 0	0 0 0	0 0 0	0 0 0 0	0	0	0.100	170 167 102	140 140 140	2	187 255 255 128	0.500	1.000	0.500	1.000	0.500	1.000	2500

// iMGRaceC
40 40 40	190 190 190	75 75 75	79 79 79	55 55 55	0.250	71 29 29	123 43 45	5 0 0	5 0 0	1.000	1.000	0.300	-128	0.500	0.500	500	-40	1.000	0.600 1.000 0.000	0 0 0	0 0 0	0 0 0	0 0 0 0	0	0	0.300	184 193 0	140 140 140	2	255 171 181 128	0.500	1.000	0.500	1.000	0.500	1.000	2500

// WareHouse
60 60 60	255 255 255	100 100 100	79 79 79	55 55 55	0.250	123 114 113	95 103 112	5 0 0	5 0 0	1.000	1.000	0.600	-128	0.500	0.500	300	1	0.650	1.000 1.000 0.000	0 0 0	0 0 0	0 0 0	0 0 0 0	0	0	0.000	136 136 136	140 140 140	2	148 213 255 100	0.500	1.000	0.500	1.000	0.500	1.000	500

// Freak_Show
79 79 79	240 240 240	75 75 75	79 79 79	55 55 55	0.250	123 114 113	95 103 112	5 0 0	5 0 0	1.000	1.000	0.300	-128	0.500	0.500	300	1	1.000	1.000 1.000 0.000	0 0 0	0 0 0	0 0 0	0 0 0 0	0	0	0.000	136 136 136	140 140 140	2	255 255 255 100	0.500	0.750	0.500	1.000	0.500	1.000	500

// Poor_Hair
200 200 200	255 255 255	100 100 100	79 79 79	55 55 55	0.250	123 114 113	95 103 112	5 0 0	5 0 0	1.000	1.000	0.300	-128	0.500	0.500	300	1	1.000	1.000 1.000 0.000	0 0 0	0 0 0	0 0 0	0 0 0 0	0	0	0.000	136 136 136	140 140 140	2	108 255 255 115	0.500	0.750	0.500	1.000	0.500	1.000	500

// iDropS
25 25 25	255 255 255	60 60 60	79 79 79	55 55 55	0.250	123 114 113	95 103 112	5 0 0	5 0 0	1.000	1.000	0.300	-128	0.500	0.500	65	1	1.000	1.000 1.000 0.000	0 0 0	0 0 0	0 0 0	0 0 0 0	0	0	0.000	136 136 136	140 140 140	2	108 255 255 115	0.500	1.000	0.500	1.000	0.500	1.000	500

// (???)iNerdS
80 80 80	255 255 255	80 80 80	79 79 79	55 55 55	0.250	123 114 113	95 103 112	5 0 0	5 0 0	1.000	1.000	0.300	-128	0.500	0.500	300	1	1.000	1.000 1.000 0.000	0 0 0	0 0 0	0 0 0	0 0 0 0	0	0	0.000	136 136 136	140 140 140	2	117 255 255 115	0.500	1.000	0.500	1.000	0.500	1.000	500

// iJockS
90 90 90	255 255 250	100 100 100	79 79 79	55 55 55	0.250	123 114 113	95 103 112	5 0 0	5 0 0	1.000	1.000	0.300	-128	0.500	0.500	300	1	1.000	1.000 1.000 0.000	0 0 0	0 0 0	0 0 0	0 0 0 0	0	0	0.000	136 136 136	140 140 140	2	108 255 255 115	0.500	1.000	0.500	1.000	0.500	1.000	500

// iPrepS
50 50 50	255 255 255	65 65 65	79 79 79	55 55 55	0.250	123 114 113	95 103 112	5 0 0	5 0 0	1.000	1.000	0.300	-128	0.500	0.500	300	1	1.000	1.000 1.000 0.000	0 0 0	0 0 0	0 0 0	0 0 0 0	0	0	0.000	136 136 136	140 140 140	2	221 221 221 200	0.500	1.000	0.500	1.000	0.500	1.000	500

// iGrsrS
20 20 20	255 255 255	50 50 50	79 79 79	55 55 55	0.250	123 114 113	95 103 112	5 0 0	5 0 0	1.000	1.000	0.300	-128	0.500	0.500	300	1	1.000	1.000 1.000 0.000	0 0 0	0 0 0	0 0 0	0 0 0 0	0	0	0.000	136 136 136	140 140 140	2	255 255 207 200	0.500	1.000	0.500	1.000	0.500	1.000	400

// BMXTrack
79 79 79	255 255 255	70 70 70	79 79 79	55 55 55	0.250	123 114 113	95 103 112	5 0 0	5 0 0	1.000	1.000	0.300	-128	0.500	0.500	300	1	1.000	1.000 1.000 0.000	0 0 0	0 0 0	0 0 0	0 0 0 0	0	0	0.000	136 136 136	140 140 140	2	255 255 211 128	0.500	1.000	0.500	1.000	0.500	1.000	2500

// (???)Library2
40 40 40	192 192 192	55 55 55	79 79 79	55 55 55	0.250	123 114 113	95 103 112	5 0 0	5 0 0	1.000	1.000	0.300	-56	100.000	0.000	600	1	1.000	30.000 20.000 0.000	0 0 184	65 0 0	0 0 0	0 0 0 0	0	66	0.000	136 136 136	140 140 140	0	255 255 255 70	0.500	1.000	0.500	1.000	0.500	1.000	2500

